1 2
1 3
2 3
3 4
1 4
3 5
4 5
4 6
3 6
2 7
3 7
2 8
1 8
3 9
8 9
1 10
2 10
6 11
5 11
6 12
8 12
4 13
6 13
10 14
1 14
11 15
6 15
7 16
2 16
14 17
11 17
16 18
13 18
12 19
2 19
12 20
4 20
4 21
6 21
15 22
1 22
15 23
19 23
4 24
2 24
18 25
2 25
3 26
17 26
23 27
4 27
4 28
21 28
15 29
27 29
6 30
26 30
6 31
1 31
15 32
24 32
23 33
12 33
10 34
6 34
34 35
12 35
32 36
8 36
26 37
4 37
21 38
1 38
35 39
32 39
13 40
4 40
4 41
28 41
20 42
21 42
26 43
17 43
14 44
8 44
32 45
27 45
2 46
19 46
8 47
40 47
15 48
6 48
6 49
34 49
19 50
40 50
17 51
48 51
28 52
33 52
50 53
40 53
24 54
48 54
37 55
24 55
55 56
15 56
55 57
30 57
35 58
26 58
9 59
11 59
2 60
21 60
38 61
23 61
24 62
37 62
6 63
16 63
13 64
37 64
48 65
20 65
12 66
15 66
28 67
12 67
4 68
65 68
17 69
24 69
4 70
28 70
62 71
46 71
62 72
3 72
51 73
11 73
64 74
33 74
55 75
11 75
40 76
4 76
33 77
10 77
18 78
12 78
29 79
41 79
32 80
1 80
12 81
55 81
62 82
1 82
16 83
3 83
1 84
19 84
41 85
15 85
6 86
47 86
53 87
86 87
58 88
26 88
64 89
12 89
59 90
22 90
23 91
62 91
74 92
46 92
6 93
47 93
48 94
8 94
26 95
3 95
15 96
75 96
39 97
22 97
6 98
70 98
28 99
55 99
35 100
52 100
65 101
3 101
62 102
60 102
3 103
52 103
39 104
4 104
79 105
19 105
39 106
28 106
78 107
100 107
64 108
17 108
18 109
9 109
41 110
6 110
8 111
74 111
96 112
2 112
109 113
47 113
51 114
3 114
28 115
74 115
114 116
113 116
115 117
99 117
28 118
116 118
17 119
40 119
64 120
59 120
109 121
108 121
88 122
93 122
27 123
61 123
14 124
102 124
5 125
79 125
18 126
16 126
1 127
68 127
86 128
115 128
86 129
15 129
62 130
4 130
6 131
87 131
20 132
13 132
23 133
62 133
86 134
18 134
56 135
26 135
62 136
121 136
3 137
94 137
21 138
40 138
11 139
100 139
59 140
20 140
23 141
27 141
27 142
21 142
120 143
24 143
98 144
129 144
142 145
14 145
113 146
36 146
9 147
134 147
35 148
99 148
34 149
54 149
22 150
8 150
26 151
10 151
127 152
46 152
101 153
2 153
59 154
130 154
65 155
23 155
100 156
35 156
41 157
106 157
83 158
40 158
27 159
65 159
2 160
3 160
48 161
23 161
12 162
100 162
15 163
71 163
139 164
105 164
53 165
149 165
85 166
111 166
68 167
110 167
133 168
4 168
116 169
65 169
97 170
2 170
71 171
104 171
43 172
15 172
35 173
101 173
12 174
74 174
82 175
41 175
43 176
46 176
137 177
4 177
52 178
120 178
65 179
170 179
49 180
28 180
24 181
3 181
60 182
103 182
78 183
136 183
53 184
145 184
46 185
29 185
65 186
85 186
127 187
100 187
115 188
6 188
52 189
154 189
47 190
63 190
95 191
53 191
55 192
78 192
20 193
93 193
18 194
97 194
139 195
51 195
28 196
37 196
20 197
84 197
135 198
105 198
58 199
135 199
130 200
129 200
