0 2 34 96 137 149 150 186 195 211 256 290 304 314 354 369 399 423 425 470 501 504 517 528 536 544 554 625 665 667 686 688 697 760 769 810 858 922 930 947 976 980 983 986
1 3 36 95 108 126 148 182 194 202 237 305 359 390 422 443 446 483 515 516 525 562 644 672 687 695 701 709 713 751 761 773 777 794 806 861 864 900
4 19 49 101 109 263 301 331 488 708
5 47 83 231 232 274 275 286 379 395 397 435 445 453 454 457 489 500 509 552 555 560 566 577 585 594 609 629 678 736 759 765 828 881 896 933 941
6 18 42 66 90 185 193 213 249 252 257 284 310 329 381 388 416 424 426 447 467 476 529 582 591 597 602 611 634 641 661 710 721 739 741 770 796 802 813 816 817 819 827 843 857 860 866 889 893
7 55 56 68 110 166 250 270 615
8 93 138 169 226 247 343 348 421 487 498 543 565 653 673 676 740 795 807 824 829 867 870 902 961
9 39 129 298 391
10 14 85 121 172 173 179 183 203 212 325 396 408 478 494 520 522 540 569 606 651 691 726 823 892 904 926 932 942 957 958
11 32 78 114 136 210 255 266 299 303 306 316 342 345 402 409 439 451 468 559 580 607 627 640 642 659 732 781 799
12 44 242 327 434 539
13 37 45 72 91 103 133 144 158 171 174 187 190 234 246 271 322 338 340 375 393 410 448 472 486 510 551 596 660 735 743 754 783 805 812 830 835 851 854 868 879 880 883 888 905 912 928 929 939 945 946 949 965 969 973 981 999
15 31 57 64 74 77 107 117 157 175 192 215 224 228 261 262 267 300 352 363 373 385 404 405 462 491 493 513 523 526 558 605 617 626 650 658 679 690 719 722 725 757 774 808 834 844 865 901 909 915 923 955 968 970 978 987 996
16 27 33 46 60 65 84 86 118 123 134 155 178 180 184 197 198 204 206 209 221 222 239 241 254 269 282 289 313 323 339 353 355 356 362 372 374 380 398 403 427 429 431 440 441 442 450 452 461 492 538 564 570 575 583 587 590 614 618 632 635 643 655 671 682 693 694 698 700 711 716 720 728 747 750 789 793 798 800 811 815 837 839 847 862 872 876 885 897 908 925 931 940 952 971 972 974 977 979 985 991 992 993 995 997 998
17 201 251
20 58 199 207 259 297 336 376 413 444 481 482 514 521 527 546 579 581 586 595 619 638 647 654 657 669 683 685 703 714 745 758 762 764 822 859 871 916 943 944
21 230 312 533 674
22 97 98 99 115 315 406
23 25 41 62 81 94 125 162 235 506 574 684 953 956
24 140 214 309 419 433 479 561 601 612 639 662 742 752 772 785 852 873 910 913 918 920 935 936 951 967 984 990
26 161 240 412 563
28 35 50 73 79 80 88 105 106 124 139 191 208 220 244 258 264 268 281 287 291 324 357 364 370 371 400 438 458 474 480 511 592 593 600 616 624 630 637 646 663 680 689 705 706 729 730 733 734 766 767 776 780 782 814 831 842 845 848 874 937 960 963 966
29 30 63 89 104 132 141 142 152 165 167 219 273 285 334 368 384 392 394 456 484 496 499 503 518 519 545 550 557 571 610 645 692 696 737 744 768 790 791 809 846 855 884 903 906 919 938 948 959
38 59 112 143 163 200 229 238 253 265 330 366 495 532 548 568 623 628 633 649 656 668 670 699 749 753 771 784 792 803 804 818 820 832 840 863 869 875 882 890 891 894 895 898 921 924 934 950 962 964
40 92 168 170 176 216 243 292 318 350 455 459 512 549 567 588 620 666 677 755 775 779 836 838 856 907 927 954 975 982 988 994
43 156 613
48 51 70 71 218 227 245 248 295 311 321 326 332 365 414 420 432 465 524 534 537 542 589 599 652 723 724 727 731 738 748 787 801 821 826 849 850 853 878 887 911 914 917
52 67 82 296 346
53 76 113 344 378 573 608
54 280 386 387 475 477 681 704
61 463
69 87 100 146 181 272 278 279 288 293 294 308 319 320 382 449 460 464 469 473 531 556 578 584 598 604 636 664 675 702 707 712 715 717 746 756 786 825 833 899
75 102 188 196 260 302 328 351 361 377 415 485 507 530 535 547 572 763 778 788 841 877 886
111 417
116 130 341 347 383 428
119 335 401 430 502
120 122 466 989
127 145 217 236 277 337 541 621
128 276 367
131 333 576 631 797
135 360 436 553
147 154 358 407 418
151 177 389 437 622
153 349 471
159 317 505
160 164 189 205 233 490 508 648 718
223
225 283 603
307 411 497
