0 73 79 133 134 182 188 199 220 270 279 287 290 298 302 309 310 313 319 324 359 361 370 410 414 419 420 422 429 431 449 469 473 474 494 495 501 511 516 521 525 530 531 556 584 586 597 606 612 636 647 651 660 662 664 669 677 683 697 702 705 707 709 712 715 717 726 730 734 735 741 752 762 763 764 766 767 777 778 782 783 785 788 793 794 802 806 812 823 831 835 842 845 858 861 864 874 877 880 888 900 905 907 910 912 913 937 947 960 963 966 976 980 983
1 52 55 85 87 106 174 179 185 198 232 267 281 282 300 332 374 403 408 430 442 444 575 588 616 617 624 671 675 711 725 728 731 757 826 844 865 909 968 978 996
2 26 143 180 186 252 367 448 484 532 535 598 746 771 786 825 899 929
3 40 49 92 118 146 162 197 244 249 271 308 323 348 353 380 392 405 466 471 477 492 509 517 537 551 614 631 676 713 744 797 809 855 906 919 938 959 987
4 29 99 101 107 111 114 117 160 175 256 352 364 383 406 427 433 458 459 542 663 722 729 776 814 856 901 923
5 8 10 11 33 41 60 86 93 94 98 119 158 163 171 177 178 210 218 226 238 247 254 276 292 343 366 369 401 440 441 446 450 452 461 502 522 541 543 570 583 613 618 652 653 693 699 740 747 753 784 789 792 818 820 832 863 869 890 891 894 898 902 921 922 924 934 950 953 956 958 962 964 972 975 977 982 985 989 991 992 995 997
6 7 46 65 75 137 181 201 215 223 240 245 278 284 293 325 342 350 363 372 387 464 529 534 582 601 611 615 684 721 736 738 755 756 768 775 796 805 811 819 824 836 854 860 867 870 882 886 887 895 904 911 917 925 926 927 932 961
9 12 138 145 151 187 277 295 357 360 421 434 465 507 510 524 540 590 603 630 708 743 750 790 851 928
13 17 39 78 90 122 191 208 259 288 299 315 316 326 345 478 538 591 643 954 984
14 132 148 150 184 202 205 239 250 262 264 296 304 307 479 528 562
15 23 27 30 64 80 108 113 204 234 235 265 268 330 347 354 356 371 418 468 548 550 554 573 605 610 626 628 633 649 656 688 703 737 804 840 846 871 884 903 916 944 948
16 57 58 68 72 88 100 139 141 183 207 221 272 328 338 339 344 382 520 596 619 698 720 815 879 883 939 945 946 965 969 973 981 999
18 22 123 155 173 242 283 428
19 25 67 82 260 280 305 365 488 549 599 666 701 742 772 838 873 918 920 935 936
20 21 51 71 116 131 135 153 169 236 246 255 266 321 329 331 337 432 438 451 475 508 519 527 559 574 589 607 608 621 623 634 635 640 642 670 692 723 724 727 748 787 801 808 821 833 849 850 878
24 62 112 156 165 166 224 289 378 386 407 499 674 749
28 69 130 136 195 200 229 237 251 303 312 351 355 377 381 391 409 412 415 436 453 498 506 544 547 592 594 639 673 706 733 795 807 829 914
31 53 84 144 196 206 216 231 241 248 253 340 341 362 390 455 493 512 514 545 553 558 563 564 568 595 620 682 798 803 830 837 839 847 862 872 876 897 908 931 940 952 971 974 979
32 42 43 50 129 193 306 320 402 439 546 580 627 654 659 714 781 799
34 66 121 142 189 233 314 333 358 389 411 423 490 503 504 536 604 622 625 665 667 732 760 769 774 810 853 915
35 44 59 105 109 120 152 161 258 261 346 373 571 994
36 47 48 56 83 95 110 126 154 164 167 172 194 209 212 274 275 286 318 379 388 393 395 397 416 435 443 445 454 457 483 489 500 515 539 552 555 566 577 579 581 585 609 629 644 657 672 678 685 687 695 745 751 759 761 765 773 822 828 881 896 933 941
37 38 97 115 125 211 294 398 399 425 463 472 533 569 661 668 686 852 930 986
45 63 81 103 104 149 170 192 225 263 269 297 375 376 384 413 447 481 482 486 505 587 602 632 638 641 645 696 739 800 843 859 951 967 970 993 998
54 74 77 91 102 147 176 214 228 311 349 385 404 470 480 491 513 523 526 561 565 567 572 650 658 680 690 719 834 841 848 943 988
61 159 417
70 128 140 168 217 230 243 336 400 456 462 476 560 593 600 689 691 758 770 779 780 791 816 817 827 866 868 875 889 893 949 955
76 89 96 127 219 222 227 317 334 368 496 557 576 578 679 694 716 990
124 157 273 285 301 322 327 335 394 437 460 497 655 754
190 203 213 257 291 396 424 426 467 485 487 518 637 646 648 681 700 704 710 718 813 857 885 892 942 957
