0 3 12 96 148 150 221 222 282 305 327 339 356 359 374 380 422 434 440 446 452 471 483 501 562 570 575 590 644 693 709 713 728 777 794 806 858 861 864 900
1 36 95 108 126 182 194 223 237 263 390 443 515 539 672 687 695 701 751 761 773
2 52
4 58 169 231 255 437 453 487 534 573 594 608 673 738 740 867
5 19 84 115 123 133 160 189 197 206 209 233 241 269 289 313 328 338 340 362 388 411 416 426 427 435 456 461 481 488 490 545 564 566 585 629 635 661 682 716 765 789 793 798 830 837 839 847 862 872 876 881 896 897 908 928 931 933 940 941 952 959 971 974 977 979 991 995
6 46 59 62 65 137 143 158 163 171 177 193 200 203 213 238 246 257 265 267 273 304 310 329 330 336 366 372 381 387 412 413 424 441 447 466 478 482 495 520 529 532 538 541 548 553 558 563 568 582 583 591 597 611 619 623 628 632 634 638 641 643 649 656 666 668 670 681 698 699 700 703 704 710 721 739 741 749 753 758 770 771 784 792 796 800 802 803 804 811 813 814 816 817 818 819 820 827 832 840 843 857 859 860 863 866 869 875 882 889 890 891 893 894 895 898 921 922 924 934 949 950 962 964 965 966 993
7 14 51 93 107 116 337 343 477 543 621 631 795 829 870
8 226 350 391 653 736 807 824 902 961
9 30 31 57 117 152 285 307 352 392 394 493 499 503 513 550 557 571 610 615 679 737 744 809 846 855 884 903 906 919 938 948
10 50 85 87 153 179 183 212 239 325 408 431 569 618 720 815 885 892 904 925 926 932 942 957 958 960
11 18 26 32 55 147 210 217 266 271 299 306 342 345 402 418 438 439 451 468 508 547 551 559 580 607 627 640 642 659 676 732 781 799
13 38 47 53 83 274 275 331 379 395 397 445 454 457 489 500 552 555 577 609 678 759 828
15 66 74 77 90 110 121 149 175 184 204 215 228 261 262 288 314 363 369 373 385 389 404 405 420 423 462 491 504 523 526 528 536 554 602 605 622 625 626 650 658 665 667 686 688 690 697 711 719 722 725 757 760 769 774 810 834 909 955 970
16 27 37 45 70 72 89 103 111 134 141 162 178 187 323 355 368 396 433 448 458 472 484 492 494 510 522 540 587 603 606 614 637 651 691 694 708 743 752 790 791 797 851 868 883 918 920 936 939 946 951 967 969 984 989 990 999
17 104 127 172 214 286 398 505 852 913 935
20 23 24 28 35 73 79 88 131 135 139 167 168 199 220 235 252 259 264 268 287 291 303 357 360 364 371 376 400 409 474 480 498 511 512 518 521 546 579 581 586 592 593 600 604 630 647 654 657 662 663 669 680 683 685 689 705 706 729 730 733 734 745 747 750 762 764 766 767 780 782 822 831 842 845 848 871 874 916 937 943 944 953 963
21 156 386
22 159
25 76 196 316 519 560
29 43 202
33 60 63 67 128 132 142 146 155 198 219 227 245 249 276 278 293 334 375 384 444 464 476 486 496 574 576 578 645 652 671 692 696 768 805 854 879 887 911 914 917 972 985 992 997
34 91 174 190 298 322 347 410 463 467 596 655 660 674 726 735 754 783 812 823 835 880 888 905 912 929 945 973 981
39 80 114 207 251 407 414 479 646 648 718 776
40 324 436 507
41 94 176 230 527 533 956
42 258 401 613
44 92 144 170 195 201 205 211 243 247 277 284 290 292 315 317 318 349 399 425 442 455 459 506 514 517 549 561 567 588 601 620 639 677 684 714 755 775 779 836 838 856 907 910 927 930 947 954 975 976 980 982 983 986 988
48 68 122 157
49 229
54 82 118 242 280 301
56 595
61 250 270 624 675
64 124 129 130 393 516
69 105 236 244 987 996
71 140 161 218 248 295 321 326 332 365 432 465 524 537 542 589 599 723 724 727 731 742 748 772 785 787 801 821 826 849 850 853 873 878
75 101 102 145 188 260 302 351 361 377 415 530 535 572 763 778 788 841 877 886
78 86 120 138 296 358
81 97 136 154 216 497
98 99
100 181 234 254 272 279 294 308 319 320 382 403 429 449 460 469 470 473 525 531 556 584 598 636 664 702 707 712 715 717 746 756 786 825 833 899
106 113 185 224 253 300 353 421 430 616 617 633 808 844 865 901 915 923 968 978 994
109 125 348
112 180 240 341 428 998
119 164 346
151 166 186 191 208 502
165 309 370 419 450 612
173 367 406
192
225 311
232 256 283 544
281 333 417
297 354 383
312
335
344 509
378 485
475 565
