0 11 66 90 102 128 132 142 213 248 249 278 345 347 359 365 375 381 384 397 405 411 413 435 447 462 475 476 478 486 495 496 566 578 585 591 602 623 629 641 645 670 696 739 741 758 768 770 802 805 816 817 827 843 854 861 866 877 889 893 917 955 970
1 26 36 91 95 108 126 164 182 194 196 237 288 305 390 443 483 497 515 539 596 644 672 687 695 701 735 751 761 765 773
2 32 59 83 112 137 143 147 163 183 200 210 223 253 265 266 299 306 325 330 342 366 402 418 439 441 451 468 471 516 532 548 559 580 607 613 627 633 640 642 649 656 659 668 699 771 781 784 792 799 804 818 820 832 863 869 875 882 890 891 895 921 922 994 998
3 31 57 62 96 148 202 211 290 391 399 425 467 493 517 562 604 858 900 930 947
4 19 43 227 344 488 568
5 18 28 84 135 172 199 220 234 268 324 357 360 436 507 511 514 630 706 733 766
6 42 56 75 188 193 246 250 257 302 310 351 361 377 386 387 388 415 416 424 426 529 530 535 572 582 611 634 681 704 710 721 763 778 788 796 813 819 841 857 860 886
7 17 67 74 77 228 261 335 363 385 512
8 16 23 37 41 45 60 72 73 94 103 111 133 134 144 155 158 162 170 176 178 187 190 195 197 203 214 226 235 238 245 292 322 323 343 355 396 410 412 433 446 450 459 494 501 506 522 524 525 538 541 561 587 597 621 639 660 684 691 753 754 783 812 823 835 852 873 888 898 910 912 913 914 916 918 920 934 935 936 949 950 951 953 954 956 962 964 967 972 973 976 980 981 982 983 984 986 988 989 990 993 999
9 54 130 217 316
10 24 30 93 113 125 152 159 167 169 231 239 242 247 252 255 273 285 334 350 392 394 421 429 431 453 466 487 503 519 534 540 543 550 557 571 573 583 594 606 608 610 632 653 673 676 679 736 737 738 740 744 756 795 807 809 824 829 846 855 867 870 884 887 902 903 906 911 919 938 948 959 961
12 146 150 198 229 236 254 282 294 308 327 339 356 374 380 398 434 440 452 547 570 590 671 693 711 713 747 750 806
13 33 44 63 65 80 98 99 114 115 123 145 206 207 209 241 251 269 289 291 313 338 340 362 364 376 427 438 461 481 574 635 637 646 648 661 663 682 700 716 718 729 776 789 793 794 798 814 830 837 839 847 862 872 876 885 892 897 904 908 925 926 931 940 952 957 958 971 974 977 979 985 991 992 995 997
14 76 129 185 277 298 329 348 500 553 564
15 38 64 68 106 117 151 160 189 215 224 233 244 262 276 296 297 300 352 367 373 404 430 490 491 513 523 526 527 563 569 605 617 626 650 658 690 719 722 725 757 774 808 834 844 865 901 909 915 923 968 978 987 996
20 46 85 157 179 208 212 259 274 275 286 341 372 393 408 414 444 445 454 457 482 489 509 520 521 546 552 555 577 579 581 586 595 609 618 619 638 643 647 654 657 669 678 683 685 698 703 714 720 745 752 759 762 764 800 811 815 822 828 859 871 881 896 932 933 941 942 943 944
21 35 70 79 88 89 92 100 105 116 124 139 141 149 171 174 180 181 184 186 204 219 230 256 264 272 279 287 304 309 314 319 320 349 353 368 369 370 371 382 389 395 400 419 420 423 437 448 449 456 460 469 470 472 473 474 480 484 492 499 504 510 528 531 533 536 544 545 554 556 584 592 593 598 600 601 603 612 614 616 622 624 625 631 636 662 664 665 667 674 680 686 688 689 694 697 702 705 707 708 709 712 715 717 726 730 732 734 743 746 760 767 769 777 779 780 782 786 790 791 797 810 825 831 833 842 845 848 851 853 864 868 874 880 883 899 905 928 929 937 939 945 946 965 969
22 118 221 222 263 328 463 675
25 270 301 312 403 575 728
27 48 69 104 293 422 464 652 692 879
29 110 121 311 336 378 401 666 907
34 173
39 50 78 81 119 192 307 337 479 558 628
40 49 136 240 280
47 177 283 315 331 358 485 655
51 61 154 201 281 588
52 97 166 232
53 803 840 894 924
55 131 191 271 417 458 508 651
58 156 175 346 406 409 442 565 615 960 963 966
71 101 140 168 218 295 321 326 332 428 432 465 537 542 589 599 723 724 727 731 742 748 772 785 787 801 821 826 849 850 878
82 477 576
86 109 260
87 138 165 354 383 407 502
107 153 161 225 303 498 518
120 122 205 216 333 551
127 505
243 267 284 318 455 549 560 567 620 677 749 755 775 836 838 856 927 975
258 317
379
