1000	1000	50	40	2928
1000	1000	100	87	3657
1000	1000	120	109	4796
1000	1000	60	50	3315
1000	1000	50	40	2538
1000	1000	110	94	3362
1000	1000	90	79	2926
1000	1000	90	77	4150
1000	1000	90	79	2703
1000	1000	100	87	4154
1000	1000	50	39	2495
1000	1000	60	50	3287
1000	1000	90	74	3387
1000	1000	80	66	4131
1000	1000	100	90	4109
1000	1000	70	59	3186
1000	1000	110	88	3897
1000	1000	50	40	2895
1000	1000	90	79	3928
1000	1000	40	30	2264
1000	1000	80	65	3546
1000	1000	80	68	2730
1000	1000	90	74	3909
1000	1000	90	75	3033
1000	1000	60	49	3164
1000	1000	70	60	3219
1000	1000	70	58	3300
1000	1000	110	92	3903
1000	1000	120	110	3712
1000	1000	90	77	3923
1000	1000	70	59	3545
1000	1000	50	39	2792
1000	1000	80	68	3013
1000	1000	80	67	2633
1000	1000	70	60	3268
1000	1000	70	58	3428
1000	1000	140	113	5112
1000	1000	60	50	3247
1000	1000	60	50	2382
1000	1000	70	58	3252
