1000	1000	80	70	2784
1000	1000	100	89	4796
1000	1000	70	57	4358
1000	1000	80	68	3739
1000	1000	70	60	2584
1000	1000	70	58	3562
1000	1000	100	86	3201
1000	1000	50	40	2726
1000	1000	50	40	2699
1000	1000	100	82	4051
1000	1000	120	98	5097
1000	1000	100	82	3472
1000	1000	50	40	3572
1000	1000	80	68	3419
1000	1000	100	87	4418
1000	1000	80	70	2277
1000	1000	80	64	3087
1000	1000	70	60	2206
1000	1000	100	86	4036
1000	1000	60	49	2825
1000	1000	40	30	2165
1000	1000	40	30	1877
1000	1000	100	85	4527
1000	1000	80	70	3748
1000	1000	90	76	4557
1000	1000	90	76	3838
1000	1000	90	79	3440
1000	1000	90	77	4216
1000	1000	80	67	3989
1000	1000	80	70	3074
