1000	1000	120	100	4644
1000	1000	70	60	3076
1000	1000	70	57	3373
1000	1000	80	68	3369
1000	1000	70	60	2500
1000	1000	70	60	3051
1000	1000	100	90	3838
1000	1000	80	66	3060
1000	1000	80	66	3462
1000	1000	80	68	2777
1000	1000	50	40	2044
1000	1000	110	99	4798
1000	1000	70	58	3037
1000	1000	110	99	3410
1000	1000	80	69	3561
1000	1000	40	30	2125
1000	1000	80	67	2505
1000	1000	110	98	4420
1000	1000	50	40	2530
1000	1000	50	40	2693
1000	1000	100	90	3791
1000	1000	60	50	3089
1000	1000	90	76	4314
1000	1000	90	80	2884
1000	1000	80	69	3397
1000	1000	110	91	4223
1000	1000	80	70	4123
1000	1000	140	111	4898
1000	1000	90	75	3674
1000	1000	90	79	3971
1000	1000	60	50	2419
1000	1000	40	30	2115
1000	1000	50	40	2787
1000	1000	70	59	3412
1000	1000	60	50	3119
1000	1000	60	49	2658
1000	1000	70	59	3159
1000	1000	50	40	2698
1000	1000	70	57	2752
1000	1000	100	86	3813
