1000	1000	60	50	2785
1000	1000	50	40	2822
1000	1000	80	66	3074
1000	1000	80	69	3520
1000	1000	70	59	2258
1000	1000	70	59	3197
1000	1000	90	76	3510
1000	1000	40	30	2337
1000	1000	100	89	2734
1000	1000	120	100	4016
1000	1000	60	50	2711
1000	1000	80	66	3958
1000	1000	50	40	3656
1000	1000	100	83	3064
1000	1000	100	87	3855
1000	1000	70	60	3297
1000	1000	60	50	2210
1000	1000	120	110	4967
1000	1000	80	69	3636
1000	1000	80	66	3950
1000	1000	60	49	2388
1000	1000	80	69	2640
1000	1000	100	88	3762
1000	1000	120	110	4650
1000	1000	80	69	3689
1000	1000	80	70	3755
1000	1000	80	69	3236
1000	1000	50	40	2539
1000	1000	60	49	3112
1000	1000	70	58	3244
