1000	1000	90	77	2939
1000	1000	50	40	2927
1000	1000	70	59	2841
1000	1000	90	77	3516
1000	1000	70	60	2444
1000	1000	80	66	3174
1000	1000	80	69	3498
1000	1000	100	86	3994
1000	1000	60	50	3037
1000	1000	80	66	3451
1000	1000	80	69	2797
1000	1000	70	60	3148
1000	1000	110	98	4358
1000	1000	110	92	4862
1000	1000	100	85	4625
1000	1000	110	98	3974
1000	1000	160	124	6889
1000	1000	90	75	3752
1000	1000	40	29	2570
1000	1000	70	57	3982
1000	1000	50	40	2745
1000	1000	60	49	3102
1000	1000	70	58	3164
1000	1000	130	107	5255
1000	1000	60	50	4487
1000	1000	90	78	3643
1000	1000	70	59	2698
1000	1000	90	78	3301
1000	1000	100	88	2796
1000	1000	100	87	3176
1000	1000	80	67	3604
1000	1000	40	30	1899
1000	1000	60	49	2577
1000	1000	50	40	2170
1000	1000	70	60	2804
1000	1000	110	98	3679
1000	1000	100	82	3647
1000	1000	70	59	2987
1000	1000	50	40	2336
1000	1000	60	49	2831
1000	1000	100	90	3480
1000	1000	90	78	3312
1000	1000	80	68	2640
1000	1000	90	76	3473
1000	1000	50	40	2229
1000	1000	60	50	2577
1000	1000	70	60	2764
1000	1000	120	98	3749
1000	1000	80	69	3457
1000	1000	70	58	2844
1000	1000	90	80	2988
1000	1000	40	30	2045
1000	1000	80	66	2648
1000	1000	60	50	3072
1000	1000	50	40	2126
1000	1000	60	50	2509
1000	1000	60	49	2455
1000	1000	100	85	3524
1000	1000	80	69	4767
1000	1000	80	69	6445
