0 54 130 347
1
2 29 59 143 158 163 166 183 200 253 265 330 359 366 412 441 458 495 532 563 568 583 628 633 649 656 668 670 699 749 771 784 792 803 804 818 820 832 840 863 869 875 882 890 891 894 895 898 921 922 934 949 950 962 964
3 96 144 148 211 383 399 425 501 517 861 930 947 980 983 986
4 21 78 82 185
5 10 46 63 65 84 85 87 100 115 123 149 179 181 186 195 204 206 209 212 239 241 256 269 272 279 289 294 304 308 313 314 319 321 325 334 338 340 362 369 382 389 408 423 427 431 437 449 460 461 469 470 479 481 504 520 528 536 544 554 556 560 569 584 598 618 622 625 635 636 643 661 664 665 667 682 684 686 688 697 698 700 702 703 707 709 712 716 717 720 746 760 769 777 786 789 793 794 798 810 811 815 825 830 833 837 839 847 853 859 862 872 876 885 892 897 899 904 905 908 925 926 931 932 940 942 945 952 957 958 971 974 991
6 137 138 193 203 257 310 372 386 387 388 413 416 424 426 467 482 500 529 582 611 619 632 681 704 706 710 721 766 796 813 819 857 860 896
7 52 442 505
8 226 320 421 534 573 736 756 807 824 829 867 870 887 961
9 53 68 604
11 22 32 38 147 266 299 345 418 451 468 524 559 580 607 627 640 659 781 799
12 36 67 95 108 126 182 194 237 305 327 358 390 434 443 483 515 539 579 644 672 687 695 701 751 761 765 773 806 881 933 941
13 221 222 281 339 367 374
14 28 135 220 268 324 341 357 360 417 436 630
15 20 41 64 77 105 106 107 112 117 127 146 152 174 192 215 224 244 273 285 300 316 342 352 353 363 373 394 402 429 430 519 523 526 557 571 610 616 617 626 638 642 650 655 658 674 690 719 722 725 732 737 757 774 808 834 844 865 901 903 909 915 923 968 978 987 994 996
16 25 34 60 72 97 103 111 125 134 140 162 170 177 178 197 210 214 323 343 355 407 432 433 450 459 506 533 538 561 587 589 599 612 639 723 742 748 772 785 849 850 852 858 873 900 910 913 914 916 918 920 935 936 938 943 944 948 951 953 956 959 967 969 973 976 984 989 990 993
17 161 242 346 414 514
18 62 160
19 354
23 30 57 154 235 263 336 376 392 444 493 503 521 546 550 581 586 647 654 657 669 676 679 683 685 714 744 745 762 764 809 822 846 855 871 884 906 919
24
26 51 250 288 527
27 31 74 156 175 176 228 261 262 271 385 404 491 508 513 605
33 98 202 207 406 446 562 992 997
35 43 73 79 88 94 118 124 139 230 264 287 309 364 370 371 400 474 480 512 545 558 592 593 600 662 680 689 705 730 734 750 767 779 780 782 831 842 845 848 874 937 960 963 966
37 86 91 116 129 133 190 246 259 322 396 410 411 472 478 494 497 522 531 537 540 596 606 613 651 660 691 726 735 752 754 783 805 812 823 835 880 888 912 929 981
39 71 99 248 267 290 344 542 724 727 787 801
40
42 80 114 189 225 233 291 295 332 438 490 595 637 646 648 663 718 729 776 800 814 826 878
44 164 365 428
45 70 89 141 171 184 187 219 298 331 368 381 448 456 484 488 499 510 547 603 694 708 743 790 791 851 868 883 928 939 946 965 999
47 75 83 102 104 145 168 188 238 251 258 260 274 275 286 302 351 361 377 379 395 397 415 445 454 457 489 507 509 525 530 535 548 552 555 566 572 577 585 609 629 678 759 763 778 788 828 841 877 886 924
48 66 90 92 128 155 180 213 223 249 276 284 405 420 447 462 473 476 492 591 597 602 614 631 641 739 741 758 770 797 802 816 817 827 843 866 889 893 955 970 972 977 979 985 995 998
49 58 232 297 393 516
50 93 113 131 169 198 231 247 252 254 255 277 282 350 356 380 398 403 440 452 453 487 543 551 570 575 590 594 608 653 671 673 693 711 728 738 740 747 795 902 917
55 101 120 328
56 477
61 153
69 150 159 227 278 293 384 464 486 578 645 696 768 854 879 911
76 485
81 335 713 864
109 205
110 167 208 303 329 498 511 518 553 564 620 634 733
119
121 315 466
122 157 326 333 422 465 615
132 142 191 245 292 306 318 439 455 496 549 567 576 588 601 652 666 677 692 755 775 836 838 856 907 927 954 975 982 988
136 199 307
151 401 435 675
165 348 502 574
172
173 409
196 243 349 463
201 283
216
217 240 624
218 565 731 821
229 419
234
236 337 378 541 621 623 753
270 296 317 715
280 311
301 391
312 475
375
471
