0 3 50 148 150 211 290 359 399 425 446 471 501 537 713 794 858 861 864 900 947
1 2 12 36 95 108 126 143 182 194 237 305 327 390 443 470 483 515 539 644 672 687 695 701 751 761 773 806
4 48 409 603
5 16 33 84 115 123 197 206 209 241 269 289 313 340 362 427 441 453 461 558 564 635 661 682 716 789 793 798 830 837 839 847 862 872 876 897 908 931 940 952 971 974 979 991
6 37 57 91 133 139 158 174 190 195 246 310 319 322 338 378 386 396 410 411 467 472 493 494 508 522 531 540 551 596 606 651 660 691 715 726 735 752 754 783 797 812 823 835 880 883 888 905 912 927 929 930 945 946 973 976 981 983
7 184 198 204 222 254 282 339 356 374 380 398 403 440 452 510 570 575 590 671 693 694 708 711 728 743 747 750 790 791
8 93 113 142 169 220 223 226 227 245 247 255 271 278 293 303 343 350 421 464 487 498 511 534 543 573 594 645 652 653 673 733 736 738 740 756 795 805 807 824 829 867 870 887 902 911 914 943 961
9 35 73 88 119 124 192 230 258 264 287 364 370 400 474 480 592 593 600 612 662 680 689 705 730 734 767 779 780 782 831 842 845 848 874 937 960 963 966 989
10 46 65 85 179 183 203 212 239 253 372 408 413 431 520 569 618 619 632 633 643 656 698 699 700 703 720 800 811 813 815 859 885 892 904 925 926 932 942 957 958
11 71 140 218 221 248 295 321 326 332 365 418 432 435 451 465 466 468 482 524 542 580 589 599 607 627 640 659 723 724 727 731 742 748 781 787 799 801 821 826 849 850 878
13 116 357 383
14 145 251 276 516
15 31 64 74 77 107 117 175 191 215 228 236 261 262 265 352 363 366 373 385 404 491 495 513 523 526 533 541 597 605 621 623 626 628 650 658 679 690 719 722 725 753 757 774 784 803 834 840 863 875 894
17 120 164
18 118 315
19 76 79 208 284 309 318 419 567 601 620 666 677 755 836 838 856 907 982 988
20 23 259 336 341 376 388 486 521 546 579 581 586 595 638 647 654 657 669 683 685 714 745 762 764 775 822 871
21 24 172
22 96 202 229 243 349 455 505 514 562
25 30 41 42 63 94 132 152 162 163 167 176 219 235 238 252 273 285 334 368 375 384 392 394 405 429 444 481 484 496 499 503 518 519 550 557 571 578 610 692 696 737 744 768 792 809 846 854 855 879 884 890 898 903 906 916 919 938 944 948 953 954 956 959 965 975
26 28 186 281 344 527
27 196 207 348 393
29 329 426 576
32 345 439 459
34
38 112 401
39 78 288
40 475
43 51 125 549
44 412
45 70 72 89 103 141 267 456 488 553 851 868 928 939 969
47 83 266 274 275 286 306 379 395 397 445 454 457 489 500 509 552 555 559 566 577 585 609 629 678 759 765 828 881 896 933 941
49 328 437
52 62 173 337
53 105 106 224 300 353 430 492 512 561 616 617 642 655 732 808 844 865 901 909 915 923 968 978 987 994 996 998
54 160
55
56
58 614
59 131 147 335
60 66 90 98 99 128 134 155 170 213 214 231 249 323 355 381 406 447 450 462 473 476 538 563 568 587 602 608 634 639 641 670 739 741 758 770 772 785 802 816 817 827 843 866 873 889 893 910 913 917 918 920 935 936 951 955 967 970 972 977 984 985 990 992 993 995 997
61 154 307
67
68 296 367
69 301 545
75 102 188 260 302 316 351 361 377 415 417 507 530 535 572 583 763 778 788 841 877 886
80 114 189 233 280 291 324 371 436 438 490 615 637 646 648 663 718 729 766 776 814
81 101
82 270
86 121
87 166 674
92 100 122 146 181 272 279 294 308 320 382 434 449 460 469 556 584 598 631 636 664 702 707 709 712 717 746 777 786 825 833 899
97 613
104 200
109 137 156 325 330 414 532 548 649 668 771 804 818 820 832 869 882 891 895 921 922
110 428
111 177
127 463 574
129 283
130 234 304 422 478 591
135 242 268 360 630 706
136 185 312 333
138
144 171 187 924 934 949 950 962 964 999
149 256 314 369 389 420 423 504 528 536 544 554 622 625 665 667 686 688 697 760 769 810 853
151
153 479
157
159 317 391 442
161 165 180 485 588
168 675
178 354 433 477 517 852 980 986
193 257 387 424 448 681 704 721 796 819
199
201 684
205 299 857 860
210
216 263 358
217 298 347
225
232 407
240 244
250 604
277
292 346
297
311
331
342 458
402
416
497 506
502
525 560
529 582 611 710
547
565
624
676
749
