0 7 48 107 396 417 482 608
1 138 298
2 143 152 330 516 532 545 548 771 818 820
3 38 101 165 177 256 563 668 697 898
4 12 66 95 195 327 382 434 443 460 469 483 485 515 539 549 569 598 613 644 672 701 702 707 751 773 825 833 899 945 973
5 29 248 442 579 789 824
6 25 103 186 197 241 253 263 385 412 495 497 553 611 635 649 650 656 680 681 708 721 796 798 823 830 839 860 876 940 959
8 42 113 206 207 209 249 292 296 346 362 538 573 837 862 872 897 908 926 931 952 971 974 979
9 132 204 307 448 474 484 560 624
10 41 162 203 234 595 657 938 948
11 87 89 185 218 273 320 347 368 419 499
13 299 374 383
14 54 55 104 180 205 246 316 399 602 739 889
15 62 97 123 142 167 258 300 353 364 475 478 492 511 518 523 526 605 614 658 690 706 722 725 733 750 766 774 776 797 834 865 901 909 915 923 968 978 996
16 157 237 321 337 436 453 479 480 599 727 731 748 788 801 849 850
17 43 122 127 153 200
18 27 34 49 53 86 88 141 149 161 169 390 527 589 594 673 740 742 991
19 26 67 102 125 242 312 488
20 73 80 81 278 287 317 334 355 365 407 477 496 540 630 663 718 729 730 734 767 768 805 814 831 845 852 854 874 879 887 910 911 913 914 917 920 935 936 943 953
21 92 105 147 215 244 363 373 449 531 719 732 757 808 844
22 46 65 212 224 274 275 286 388 397 416 435 441 445 454 457 489 500 529 552 561 564 566 577 585 609 618 629 661 678 698 703 720 749 759 765 800 811 813 819 859 881 885 892 896 904 925 932 933 941 942 957 958
23 130 217 398 420 432 683 762 871 916 944 956
24 57 164 194 267 386 433 487 493 785
28 75 131 135 175 220 225 268 314 323 352 357 360 371 522 617 626 726
30 31 40 90 117 128 174 179 210 262 276 325 394 405 414 439 513 641 679 741 809 827 846 855 866 903 970 972 987
32 116 189 233 324 490 550
33 254 301 498 597 992
35 124 133 144 235 259 319 376 392 402 430 465 512 654 669 685 715 745 764 822
36 111 404
37 96 109 110 211 378 425 517 651 806 858 864 930 947
39 59 114 188 291 401 544 583 592 619 637 646 648 700 841 886
44 168 202 280 289 562 576
45 72 84 115 134 228 494 603 743 883 928 939 969 989
47 82 112 159 183 191 344 422 508 555
50 51 64 71 192 201 227 260 410 429 596 610 877 884 906 919
52 100 120 272 437 686 760 803 810 857 990 993
56 74 108 155 163 265 281 284 309 310 366 424 426 467 476 588 601 612 623 643 662 670 699 704 710 716 792 804 832 840 863 869 875 882 890 891 894 895 921 922 924 934 949 950 962 965
58 335
60 214 331 413 450 587 615 772 873 918 967 984
61 76 264 356 466 565 604 688
63 77 136 190 232 250 269 338 387 409 446 470 620 682 735 737 783
68 172 187 503 558 676 744
69 83 304 379 395 471 507 784
70 140 240 295 332 359 461 575 590 606 616 655 723 747 787 791 793 821 826 878
78 85 148 150 223 283 375 408 541 674 963
79 297 311 391 481 519 621 937 960 966 999
91 581 754 812
93 94 156 176 178 216 226 343 506 542 543 631 639 684 756 795 807 828 829 867 870 902 961 977 985 995 997 998
98 99 126 533
106 129 146 182 238 279 308 372 458 537 547 556 557 571 584 636 664 687 695 709 712 713 717 746 761 777 786 815 835 880 888 929
118 239 358
119 181 293 367 578
121 158 213 266 285 306 464 468 559 568 586 607 627 633 640 642 659 781 799 994
137 170 243 261 303 305 315 349 354 431 534 653 666 755 927 954 975 988
139 196 208 348 491 628
145 198 270 282 326 377 380 403 415 423 427 440 452 459 524 535 570 671 693 711 724 728 905
151 154 463
160 171 219 251 277 328 381 389 444 456 473 504 510 536 574 591 622 652 660 692 694 696 752 790 851 868 951
166 231 302 339 341 351 505 763 778
173 229 230 255 438 502 600 689
184 294 411 582 675 912 981
193 222 322 342 345 361 451 472 501 580 647 946 964
199 221 245 290 418 794 861 900 976
236 393 509 530 572 632 638
247 271 318 336 350 428 447 462 521 546 551 567 677 714 738 758 770 775 779 802 816 817 836 838 843 856 893 907 955 982
252 455 514 520 691
257 313 406 980 983 986
288 329 333 340 369 370 384 421 528 554 625 634 645 665 667 736 753 769 847 853
400 593 705 780 782 842 848
486 525
