0 36 91 108 121 182 192 194 390 676 687 761 765 773
1 14 16 33 58 60 63 84 115 116 123 128 132 133 142 155 174 178 197 206 209 219 227 240 241 245 269 276 278 289 293 298 313 323 334 335 338 340 355 362 375 376 384 427 450 461 464 476 486 496 574 578 587 635 645 652 661 682 692 696 716 732 737 768 789 793 798 805 830 837 839 847 854 862 872 876 879 887 897 908 911 914 917 931 940 952 959 971 972 974 977 979 985 989 991 992 993 994 995 997 998 999
2 25 112 122 143 152 200 253 285 325 330 359 499 532 548 550 557 571 633 649 656 668 699 771 804 818 820 832 846 869 882 884 891 895 903 906 921 922 948
3 80 86 96 148 150 211 242 280 290 296 399 410 425 433 446 471 478 494 501 517 540 562 596 651 660 691 713 726 735 783 794 812 858 861 864 900 930 947 976 980 983 986
4 19 38 73 104 134 136 162 271 378 391 431 488 549 666 873 913 918 920 935 936 967 984 990
5 27 35 88 124 129 139 230 264 284 309 370 397 400 419 435 474 480 552 566 588 592 593 600 601 612 662 677 680 689 705 730 734 767 779 780 782 828 831 842 845 848 856 874 881 933 937 939 941 960 963 966 988
6 55 103 111 137 177 208 246 257 310 329 386 387 424 426 448 463 467 510 529 582 611 634 681 704 708 710 721 796 813 819 851 857 860 868 883 896 969
7 9 346 493 613
8 28 54 69 93 100 113 135 167 169 181 186 195 220 226 255 268 272 279 287 312 320 324 343 357 360 371 382 436 453 460 469 470 473 487 498 507 511 518 543 556 573 584 594 598 604 608 630 636 664 673 702 706 707 709 712 717 733 736 738 746 756 766 786 795 807 824 825 829 833 835 867 870 880 888 899 902 905 912 929 945 961 973 981
10 46 65 85 87 114 151 179 183 189 203 204 212 239 291 364 372 408 413 429 438 482 490 506 520 538 569 618 619 632 637 638 643 646 648 663 684 688 698 700 703 718 720 729 776 800 811 814 815 859 885 892 904 925 926 932 942 957 958
11 32 147 157 166 172 210 231 248 266 299 306 342 345 393 402 418 439 451 468 559 580 607 627 629 640 642 659 781 799
12 42 71 95 126 140 156 305 321 326 327 332 354 432 434 443 483 515 524 539 542 589 599 644 672 695 701 723 724 727 731 748 751 787 801 806 821 826 849 850 878
13 26 48 79 153 160 217 233 260 295 322 392 497
15 22 24 31 41 64 74 77 107 117 175 199 215 228 261 262 352 363 373 385 404 491 492 513 523 526 605 610 626 650 658 679 690 719 722 725 744 757 774 808 834 844 909
17 50 512 525
18 81 311
20
21 348 358 505
23 138 216 252 303 331 581 647 762 871 916 943
29 56 185 259 263 422 579 595 603 683 685 745 764 822
30 105 224 244 394 481 503 519 616 655 674 809 855 919 938 996
34 82 161 270 344 560
37 78 110 118 190 202 396 502 537 606 754 823
39 43 267
40 47 180 258 565
44 66 90 144 158 163 168 171 213 214 236 238 249 265 273 328 336 337 366 381 401 405 411 412 444 447 462 495 521 533 541 545 546 558 563 568 586 591 597 602 621 623 628 641 654 657 669 670 739 741 742 749 752 753 758 770 772 784 785 792 802 803 816 817 827 840 843 863 866 875 889 890 893 894 898 910 924 934 949 950 951 953 955 962 964 965 970
45 59 72 383 441 442 583 615
49 130 237 353 421 430 617 865 901 915 923
51 234
52 67 98 99 201 223 341 406 475 477 508 551 564 639
53 70 89 94 101 120 170 176 187 235 243 247 274 275 283 286 307 318 319 349 350 368 445 454 455 456 457 459 479 484 489 509 514 522 534 555 567 577 609 620 653 678 714 715 740 743 755 759 775 790 791 836 838 907 927 928 944 946 954 956 975 982
57 232 301 316 388 416 437 500 553
61 184 198 221 222 250 254 282 339 356 365 374 380 398 403 409 440 452 570 575 590 671 693 694 711 728 747 750
62 75 83 102 145 149 188 251 256 288 302 304 314 315 351 361 369 377 379 389 395 415 420 423 504 528 530 535 536 544 554 572 585 622 625 665 667 686 697 760 763 769 778 788 810 841 852 853 877 886
68 229
76 164
92 127 141 159 196 472 614 631 797
97 428 458
106 300 407 516 561 968 978 987
109 277 317 527 576
119 205 218 347 367
125 146 294 308 777
131 193 297
154 165 281 675
173 333
191 292 466 624
207 417
225 465 547
414 449 485 531
