0 3 40 48 80 96 148 150 211 214 235 259 290 336 359 399 425 433 444 446 461 471 501 517 521 546 562 579 581 586 601 654 657 669 683 685 713 745 752 758 764 772 785 794 806 852 858 861 864 873 900 910 913 916 918 920 930 935 936 947 951 967 976 980 983 984 986
1 36 81 95 108 126 182 194 237 252 390 443 483 515 539 644 672 687 695 701 751 761 765 773
2 104 143 200 301 532 548 656 771 804 869 921 922
4 42 113 146 184 195 279 288 320 350 367 429 434 449 460 469 473 531 549 556 573 584 598 636 664 702 707 709 712 715 717 746 756 777 786 825 833 899
5 35 53 73 79 86 88 123 124 151 206 209 230 241 258 264 287 291 309 313 340 358 362 364 370 400 474 480 481 592 593 600 612 662 680 682 689 705 716 729 730 734 767 779 780 782 789 798 830 831 837 839 842 845 848 862 872 874 876 897 908 931 937 940 952 960 963 966 971 974
6 46 110 137 186 193 203 246 257 271 310 372 386 387 388 424 426 466 470 508 529 551 582 611 681 704 710 721 796 813 819 857 860
7 173 292 565 631
8 93 169 226 227 245 247 343 421 487 534 543 653 673 736 738 740 795 807 824 829 867 870 887 902 911 914 917 961
9 33 128 145 155 251 476 530 972 977 979 985 992 993 995 997
10 85 179 212 296 325 618
11 32 266 267 306 342 345 402 418 439 451 468 559 580 607 627 640 659 781 799 903
12 60 201 305 327 344 450 506 538 639
13 222 339 374 380 558 778
14 196 341
15 20 74 77 92 105 106 117 160 174 189 215 224 228 231 233 244 255 261 300 352 353 363 373 385 404 430 458 490 491 492 513 523 526 561 594 595 605 608 614 616 617 626 637 642 646 648 650 655 658 690 718 719 722 725 732 757 774 776 797 808 814 834 844 865 901 909 915 923 968 978 987 994 996 998
16 72 141 144 207 273 394 959 969 989 999
17 175 221 240 615
18 109 156
19 242 502
21 31 101 262 493 525 533 679
22
23 41 94 130 176 239
24 38
25 75 102 122 188 260 281 302 317 351 355 361 377 415 535 572 576 587 763 788 841 877 886
26 138 379 395 397 435 585 629 828 881 896 933 941
27 147 180 391
28 135 220 268 294 324 357 360 371 436 463 507 511 516 630 706 733 766
29
30 51 152 168 285 307 326 346 519 550 557 571 610 744 809 846 855 884 906 919 948
34 52 185 202 409
37 65 87 100 181 272 319 378 382 408 417 442 472 499 632 643 674 684 703 720 793 800 811 815 847 859 885 892 904 925 926 932 942 957 958 981
39
43 131 479 547
44 58 263 406
45 63 70 89 103 171 177 187 208 219 269 311 347 368 412 448 456 484 488 510 563 603 694 708 743 790 791 851 868 883 898 924 928 934 939 946 949 950 953 962 964 965
47 83 164 217 274 275 286 437 445 454 457 489 509 552 555 566 577 609 678 759
49 166 225 414 569
50
54 107 121 134 178 197 223 232 990
55 163 253 330 441 633 649 668 699 818 820 832 882 891 895
56 69 154 289
57 67 172 213 401
59 298 393 624
61 76 127 216 303 428 498
62
64 170 243 284 318 349 455 459 514 564 567 588 620 638 666 677 714 755 775 836 838 856 907 927 954 975 982 988
66 90 405 462 641 739 770 827 955
68 78
71 140 218 248 295 321 332 365 432 465 524 537 542 589 599 723 724 727 731 742 748 787 801 821 822 826 849 850 871 878 943 944 956
82 129
84 91 133 139 161 190 297 322 335 338 392 396 410 411 482 494 503 522 540 591 596 606 651 660 691 726 735 754 783 812 823 835 880 888 905 912 929 945 973 991
97 183 329 520 634 698 700
98 99 120 157 315
111 116 354
112 136
114 438 663 676
115 210
118 497
119 125
132 142 278 293 334 375 384 464 486 496 578 645 652 692 696 737 768 805 854 879
149 204 256 304 314 323 331 369 389 420 423 504 528 536 544 554 622 625 665 667 686 688 697 760 769 810 853
153 413 619
158 236 238 265 337 366 383 431 447 495 541 568 583 597 621 623 628 670 749 753 784 792 803 840 863 875 890 894
159 308
162 416 485 500 635 661 938
165
167 229 419 518 527 604
191 553
192 280
198 249 254 282 356 381 398 403 427 440 452 570 575 590 602 671 693 711 728 741 747 750 802 816 817 843 866 889 893 970
199
205 316 477 505
234 276 283 333 560
250
270 478
277
299
312 453
328
348
376 512 647 762
407
422 675
467 574
475
545
613
