0 33 88 106 139 218 276 300 307 381 462 472 473 806 866 915 968 972 978 979 986 987 992 994 995 997 998
1 17 61 232 234 265 366 548 551 592 615 656 804 818 820 853 869
2 158 221 267 321 359 365 427 459 464 532 576 589 696 821 832 849 863 875 879 882
3 80 96 98 99 148 251 278 311 374 440 452 461 483 504 536 570 575 590 613 622 625 687 693 697 777 794 854 858 864 900 930 947
4 16 126 264 301 316 341 353 367 373 403 492 614 644 680 708 734 851 868 937 939 946
5 87 114 188 302 340 361 377 405 418 535 572 763 778 788 841 877
6 27 104
7 156 240 400
8 60 198 344 368
9 38 326 604
10 14 15 41 64 115 150 197 229 285 334 390 419 455 512 588 662 674 725 737 789 793 798 809 844 846 855 862 876 884 897 903 908 919 931 952
11 12 19 202 248 277 305 434 443 451 468 488 539 549 562 580 621 627 659 728
13 22 81 171 296 338 410 412 502 596 735 783 790 823 835 883 888 928
18 20 34 67 136 189 201 203 219 233 391 490 668 980
21 78 120 322 406 550 747
23 71 140 145 225 295 332 347 415 432 456 505 555 599 692 723 724 727 731 748 768 787 791 801 826 850 878
24 44 272 527 713 976 983
25 166 304 480 593 600 610 689 705 730 736 767 779 780 782 831 842 845 848 874 960 963 966 969 975 988 999
26 97 123 211 284 376 399 486 564 612 647 677 714 775 836 838 839 856 907
28 46 65 100 135 181 195 204 212 220 268 324 357 360 371 372 382 396 436 469 507 511 556 584 598 618 619 636 643 651 688 702 703 706 707 712 717 720 733 746 756 766 786 795 800 807 811 815 825 829 833 857 859 860 870 880 885 892 904 905 911 912 914 925 926 929 932 942 945 957 958 961
29 89 530 665 698 700 709
30 32 35 121 124 134 237 345 394 587 938 959
31 54 57 74 77 117 119 125 363 385 404 441 448 484 491 493 510 513 520 522 523 526 605 626 650 658 679 690 719 722 757 834
36 107 206 465 524 606 666 872
37 160 191 458
39 147 174 199 393 678
40 90 94 127 149 176 177 208 235 242 258 303 313 336 435 478 498 581 586 641 657 669 683 685 745 758 762 764 802 817 822 827 843 871 889 893 943 944 953 954 955 956 970 982
42 73 108 518 672 695 701 751 761
43 58 210 279 294 380 940
45 142 144 155 173 253 355 387 389 411 450 466 470 476 544 591 654 667 686 741 752 760 785 810 873 910 918 920 935 936 951 967 973 990 993
47 103 165 224 255 289 331 474 509 608 759 896 941
48 51 68 273 282 286 327 460 489 514 515 533 541 750 792
49 72 141 243 364 933
50 86 110 616 655
52 56 63 92 183 246 269 275 351 388 398 428
53 170 207 293 337 438 595 602 620 623 652 927
55 168 193 257 422 475 545 611 710 721 796
59 154 175 315 328 352 624 664 729 899
62 231 378 430 558 631 675 743 774 784 797 808 865 901 909 923 996
66 236 288 299 425 447 517
69 200 213 395 420 568 583 632
70 162 214 226 280 349 362 433 561 567 603 694 742 772 852 913 984
75 163 215 216 259 261 342 375 397 494 559 607 640 660 691 715 726 732 765 781 799 812 962
76 477 497
79 95 101 112 247 256 343 350 487 653 673
82 105 244 319 356 449 531 563 776 891
83 152 172 241 471 538
84 91 116 314 317 323 496 519 528 661 716 739 971 974 991
85 153 192 287 318 348 408 516 553 579 628 755
93 161 169 178 228 453 534 557 571 594 633 649 738 749 824 867 989
102 245 298 379 463 805
109 217 479
111 187 501 537 642
113 131 132 143 262 413 416 445 573 699 977 985
118 306 346 439 676 744 906 948
122 274 454 457 500 552 566 577 585 609 629 828 881
128 182 222 227 354 446 547 565
129 444
130 290 384 386 401 424 426 506 529 582 639 684 861 902
133 179 260 266 271 310 442 508 754
137 138 167 281 309 383 965
146 184 250 254 308 648
151 292 325 370 540 560 597 895 921 922
157 186 209 239 335 525 635 638 681 682 704 770 813 816 819 830 837 847
159 320
164 205 601 670 753 840 890 894 924
180 499
185 263 485 543
190 578 645 886
194 773 814
196 369 423 554 769
223 312 803
230 339 495
238 291 333 358 392 402 421 482 503 617 637 646 663 718 898 934 949 950 964
249 283 429 467 521 542 546 740 887 916 917
252 630 711
270 297 329 409 417 481 634 981
330 407 414 671 771
431 437 569 574
