1 5
7 8
7 10
4 11
8 15
3 16
13 16
6 19
16 23
8 25
7 26
12 26
18 27
29 31
11 32
31 32
23 34
25 34
13 36
12 37
14 37
29 37
1 38
4 38
5 38
7 38
13 38
17 38
8 40
11 40
14 40
19 41
8 43
9 44
10 44
31 44
38 44
7 46
9 46
17 46
5 47
22 47
28 47
32 47
33 47
13 48
8 49
14 49
24 50
31 50
41 50
42 50
47 50
15 51
16 52
30 52
51 52
1 53
32 53
50 53
7 54
26 54
15 55
39 55
40 55
4 56
10 56
29 56
33 56
37 56
2 57
26 57
40 57
41 57
6 59
14 59
36 59
53 60
30 61
48 61
21 62
43 62
44 62
47 62
51 62
12 63
43 63
31 65
43 65
51 65
15 66
21 66
34 66
54 66
26 67
16 68
17 68
40 68
59 68
53 69
9 70
30 70
31 70
47 70
5 71
12 71
20 71
37 71
60 71
16 72
52 72
16 73
20 73
40 73
3 74
5 74
51 74
34 75
48 75
53 75
67 75
17 76
39 76
73 76
17 77
33 77
56 77
3 78
14 78
26 78
38 78
73 78
3 79
5 79
6 79
10 79
48 79
32 80
44 80
48 80
37 81
38 81
11 82
24 82
45 82
52 83
68 83
76 83
74 84
45 85
67 85
74 85
17 86
24 86
26 86
40 86
44 86
54 86
61 86
7 87
40 87
51 87
86 87
48 88
80 88
26 89
45 89
81 89
45 90
58 90
7 91
26 91
34 91
65 91
89 91
4 92
8 92
11 92
28 92
35 92
4 93
14 93
32 93
56 93
29 94
37 94
44 94
45 94
48 94
91 94
30 95
34 95
93 95
12 96
32 96
34 96
58 96
71 96
4 97
26 97
28 97
49 97
51 97
60 97
85 97
49 99
82 99
92 99
13 100
27 100
36 100
59 100
78 100
12 101
20 101
32 101
47 101
56 101
92 101
21 102
42 102
83 102
15 103
32 103
45 103
83 103
13 104
18 104
27 104
37 104
60 104
76 104
11 105
26 105
43 105
45 105
86 105
88 105
95 105
2 106
3 106
8 106
25 106
40 106
64 106
69 106
72 106
77 106
2 107
35 107
39 107
44 107
52 107
92 107
93 107
23 108
30 108
41 108
48 108
59 108
76 108
79 108
35 109
69 109
87 109
8 110
15 110
21 110
10 111
62 111
69 111
75 111
100 111
53 112
69 112
90 112
34 113
41 113
58 113
87 113
24 114
31 114
38 114
46 114
50 114
66 114
78 114
81 114
98 114
17 115
59 115
113 115
2 116
57 116
95 117
96 117
101 117
8 118
15 118
25 118
26 118
33 118
47 118
59 118
64 118
74 118
6 119
10 119
22 119
72 119
73 119
102 119
106 119
114 119
3 120
10 120
15 120
23 120
42 120
47 120
86 120
91 120
19 121
22 121
62 121
65 121
73 121
94 121
104 121
3 122
22 122
34 122
37 122
55 122
110 122
112 122
2 123
20 123
46 123
53 123
90 123
94 123
96 123
98 123
106 123
30 124
34 124
45 124
78 124
82 124
83 124
87 124
114 124
58 125
124 125
11 126
13 126
59 126
61 126
73 126
98 126
61 127
68 127
96 127
115 127
1 128
5 128
7 128
17 128
24 128
84 128
107 128
8 129
13 129
28 129
61 129
64 129
86 129
103 129
120 129
9 130
18 130
23 130
42 130
48 130
58 130
72 130
81 130
112 130
124 130
125 130
129 130
4 131
5 131
32 131
53 131
58 131
66 131
74 131
88 131
90 131
96 131
31 132
44 132
52 132
65 132
74 132
122 132
15 133
114 133
129 133
5 134
20 134
29 134
82 134
84 134
92 134
123 134
130 134
12 135
16 135
29 135
58 135
69 135
103 135
24 136
29 136
85 136
96 136
122 136
7 137
11 137
15 137
75 137
14 138
42 138
81 138
92 138
126 138
4 139
5 139
23 139
36 139
51 139
52 139
60 139
89 139
96 139
97 139
98 139
126 139
138 139
15 140
17 140
35 140
72 140
86 140
107 140
127 140
130 140
25 141
58 141
62 141
78 141
99 141
5 142
10 142
52 142
65 142
73 142
88 142
99 142
109 142
122 142
123 142
139 142
141 142
45 143
76 143
90 143
22 144
64 144
73 144
87 144
106 144
116 144
121 144
125 144
10 145
19 145
39 145
52 145
54 145
75 145
80 145
101 145
16 146
19 146
20 146
27 146
32 146
66 146
95 146
111 146
1 147
9 147
36 147
55 147
61 147
81 147
94 147
96 147
111 147
122 147
131 147
4 148
24 148
38 148
51 148
94 148
111 148
4 149
6 149
7 149
23 149
41 149
56 149
66 149
92 149
145 149
11 150
34 150
45 150
69 150
86 150
91 150
115 150
125 150
2 151
3 151
53 151
64 151
76 151
123 151
127 151
144 151
18 152
33 152
77 152
114 152
122 152
134 152
143 152
32 153
44 153
45 153
58 153
143 153
148 153
42 154
71 154
76 154
106 154
108 154
153 154
3 155
15 155
48 155
57 155
84 155
93 155
119 155
132 155
6 156
9 156
15 156
27 156
51 156
55 156
58 156
85 156
91 156
127 156
130 156
141 156
149 156
53 157
57 157
81 157
106 157
116 157
127 157
37 158
41 158
45 158
50 158
98 158
113 158
146 158
149 158
155 158
3 159
12 159
17 159
26 159
34 159
36 159
49 159
50 159
51 159
52 159
61 159
78 159
79 159
82 159
122 159
129 159
141 159
142 159
146 159
7 160
14 160
41 160
46 160
76 160
108 160
127 160
136 160
144 160
7 161
26 161
31 161
46 161
60 161
61 161
77 161
104 161
144 161
154 161
89 162
99 162
104 162
122 162
159 162
22 163
53 163
56 163
5 164
7 164
15 164
21 164
63 164
66 164
84 164
117 164
158 164
54 165
62 165
108 165
120 165
156 165
164 165
16 166
45 166
71 166
96 166
110 166
162 166
24 167
31 167
69 167
75 167
89 167
94 167
100 167
128 167
160 167
63 168
78 168
94 168
121 168
129 168
7 169
25 169
31 169
33 169
41 169
55 169
66 169
73 169
86 169
135 169
149 169
31 170
38 170
42 170
115 170
119 170
28 171
45 171
72 171
74 171
80 171
121 171
164 171
170 171
8 172
65 172
144 172
11 173
24 173
42 173
85 173
102 173
138 173
144 173
166 173
172 173
15 174
24 174
39 174
57 174
63 174
74 174
83 174
110 174
145 174
146 174
151 174
162 174
166 174
167 174
168 174
6 175
23 175
30 175
55 175
63 175
67 175
93 175
95 175
130 175
137 175
143 175
151 175
157 175
50 176
51 176
59 176
111 176
119 176
134 176
151 176
152 176
162 176
174 176
1 177
8 177
19 177
22 177
62 177
108 177
126 177
151 177
3 178
25 178
52 178
81 178
130 178
1 179
10 179
18 179
43 179
63 179
68 179
91 179
108 179
131 179
141 179
169 179
174 179
24 180
25 180
42 180
92 180
96 180
99 180
129 180
150 180
160 180
14 181
19 181
29 181
51 181
64 181
69 181
88 181
118 181
177 181
2 182
18 182
48 182
68 182
92 182
98 182
127 182
152 182
161 182
164 182
34 183
41 183
100 183
107 183
108 183
112 183
127 183
142 183
175 183
1 184
25 184
107 184
111 184
115 184
163 184
169 184
174 184
30 185
31 185
75 185
80 185
136 185
26 186
37 186
42 186
50 186
64 186
68 186
109 186
117 186
123 186
179 186
12 187
33 187
89 187
136 187
150 187
165 187
178 187
19 188
20 188
67 188
101 188
122 188
123 188
132 188
134 188
143 188
169 188
172 188
11 189
52 189
90 189
91 189
99 189
101 189
110 189
126 189
12 190
16 190
32 190
40 190
55 190
68 190
80 190
142 190
159 190
164 190
167 190
176 190
17 191
29 191
81 191
99 191
102 191
119 191
152 191
165 191
167 191
169 191
6 192
10 192
18 192
24 192
33 192
51 192
54 192
62 192
98 192
141 192
143 192
151 192
152 192
156 192
8 193
13 193
35 193
43 193
49 193
51 193
91 193
123 193
137 193
148 193
169 193
192 193
7 194
10 194
29 194
31 194
77 194
106 194
181 194
7 195
83 195
104 195
123 195
139 195
158 195
188 195
193 195
14 196
30 196
48 196
63 196
64 196
102 196
127 196
129 196
134 196
144 196
181 196
41 197
49 197
52 197
92 197
93 197
137 197
150 197
157 197
99 198
100 198
103 198
136 198
147 198
149 198
151 198
162 198
195 198
29 199
30 199
42 199
59 199
82 199
87 199
96 199
134 199
154 199
162 199
168 199
46 200
50 200
60 200
69 200
72 200
80 200
103 200
141 200
146 200
149 200
168 200
